$par
  ln_H_input   ln_H_input     beta1_ct 
     0.64851      0.56344      0.61397 
    beta1_ct     beta1_ct     beta1_ct 
     0.93174      0.81311      0.81271 
    beta1_ct     beta1_ct     beta1_ct 
     0.47388     -0.01321     -0.56968 
    beta1_ct     beta1_ct     beta1_ct 
    -0.08544     -0.04406     -0.00518 
    beta1_ct     beta1_ct     beta1_ct 
     0.37838      0.38356      0.38682 
    beta1_ct     beta1_ct    lambda1_k 
     0.33940     -0.45825      0.49191 
  L_omega1_z L_epsilon1_z    logkappa1 
    -1.46619     -0.56887     -4.45667 
    beta2_ct     beta2_ct     beta2_ct 
     7.48247      7.40062      7.48489 
    beta2_ct     beta2_ct     beta2_ct 
     7.64394      7.53073      7.39101 
    beta2_ct     beta2_ct     beta2_ct 
     7.00237      7.19402      7.19757 
    beta2_ct     beta2_ct     beta2_ct 
     7.10893      7.53396      7.52382 
    beta2_ct     beta2_ct     beta2_ct 
     7.61068      7.27975      6.90876 
   lambda2_k   L_omega2_z L_epsilon2_z 
    -0.36326     -0.54566     -0.33623 
   logkappa2    logSigmaM 
    -4.60927      0.45724 

$objective
[1] 32988

$convergence
[1] 0

$iterations
[1] 5

$evaluations
function gradient 
      11        6 

$message
[1] "relative convergence (4)"

$run_time
Time difference of 52.5 secs

$max_gradient
[1] 0.01

$number_of_coefficients
 Total  Fixed Random 
  8161     41   8120 

$AIC
[1] 66059

$diagnostics
          Param starting_value  Lower      MLE
1    ln_H_input         0.0000 -50.00  0.64851
2    ln_H_input         0.0000 -50.00  0.56344
3      beta1_ct        -5.0655 -50.00  0.61397
4      beta1_ct        -5.0655 -50.00  0.93174
5      beta1_ct        -5.0655 -50.00  0.81311
6      beta1_ct        -5.0655 -50.00  0.81271
7      beta1_ct        -5.0655 -50.00  0.47388
8      beta1_ct        -5.0655 -50.00 -0.01321
9      beta1_ct        -5.0655 -50.00 -0.56968
10     beta1_ct        -5.0655 -50.00 -0.08544
11     beta1_ct        -5.0655 -50.00 -0.04406
12     beta1_ct        -5.0655 -50.00 -0.00518
13     beta1_ct        -5.0655 -50.00  0.37838
14     beta1_ct        -5.0655 -50.00  0.38356
15     beta1_ct        -5.0655 -50.00  0.38682
16     beta1_ct        -5.0655 -50.00  0.33940
17     beta1_ct        -5.0655 -50.00 -0.45825
18    lambda1_k         0.0000 -50.00  0.49191
19   L_omega1_z        -0.2485 -50.00 -1.46619
20 L_epsilon1_z        -0.0172 -50.00 -0.56887
21    logkappa1        -0.1054  -6.73 -4.45667
22     beta2_ct         7.6928 -50.00  7.48247
23     beta2_ct         7.6928 -50.00  7.40062
24     beta2_ct         7.6928 -50.00  7.48489
25     beta2_ct         7.6928 -50.00  7.64394
26     beta2_ct         7.6928 -50.00  7.53073
27     beta2_ct         7.6928 -50.00  7.39101
28     beta2_ct         7.6928 -50.00  7.00237
29     beta2_ct         7.6928 -50.00  7.19402
30     beta2_ct         7.6928 -50.00  7.19757
31     beta2_ct         7.6928 -50.00  7.10893
32     beta2_ct         7.6928 -50.00  7.53396
33     beta2_ct         7.6928 -50.00  7.52382
34     beta2_ct         7.6928 -50.00  7.61068
35     beta2_ct         7.6928 -50.00  7.27975
36     beta2_ct         7.6928 -50.00  6.90876
37    lambda2_k         0.0000 -50.00 -0.36326
38   L_omega2_z        -0.3175 -50.00 -0.54566
39 L_epsilon2_z        -0.6058 -50.00 -0.33623
40    logkappa2        -0.1054  -6.73 -4.60927
41    logSigmaM         1.6094 -50.00  0.45724
   Upper final_gradient
1  50.00       2.36e-04
2  50.00       1.85e-04
3  50.00      -1.85e-04
4  50.00       9.38e-06
5  50.00      -1.67e-05
6  50.00       8.01e-05
7  50.00       1.41e-04
8  50.00       4.06e-05
9  50.00      -1.19e-04
10 50.00      -2.59e-04
11 50.00      -1.68e-04
12 50.00      -1.97e-04
13 50.00       8.47e-05
14 50.00       1.19e-05
15 50.00       2.81e-05
16 50.00      -1.60e-04
17 50.00      -2.44e-05
18 50.00      -5.36e-05
19 50.00       1.07e-04
20 50.00      -1.68e-03
21 -2.61      -2.97e-04
22 50.00      -1.22e-04
23 50.00      -1.54e-04
24 50.00      -1.43e-04
25 50.00      -1.30e-04
26 50.00      -1.93e-04
27 50.00      -2.03e-04
28 50.00      -1.90e-04
29 50.00      -2.13e-04
30 50.00      -2.37e-04
31 50.00      -2.01e-04
32 50.00      -2.31e-04
33 50.00      -2.07e-04
34 50.00      -2.13e-04
35 50.00      -2.17e-04
36 50.00      -2.18e-04
37 50.00      -3.54e-04
38 50.00       5.73e-05
39 50.00      -6.09e-04
40 -2.61       5.03e-05
41 10.00       1.00e-02

$SD
sdreport(.) result
             Estimate Std. Error
ln_H_input    0.64851    0.20259
ln_H_input    0.56344    0.20731
beta1_ct      0.61397    0.48733
beta1_ct      0.93174    0.51232
beta1_ct      0.81311    0.50142
beta1_ct      0.81271    0.48974
beta1_ct      0.47388    0.42533
beta1_ct     -0.01321    0.42427
beta1_ct     -0.56968    0.44197
beta1_ct     -0.08544    0.42062
beta1_ct     -0.04406    0.41885
beta1_ct     -0.00518    0.42679
beta1_ct      0.37838    0.42434
beta1_ct      0.38356    0.42684
beta1_ct      0.38682    0.42714
beta1_ct      0.33940    0.42199
beta1_ct     -0.45825    0.42664
lambda1_k     0.49191    0.62780
L_omega1_z   -1.46619    0.16985
L_epsilon1_z -0.56887    0.06042
logkappa1    -4.45667    0.12561
beta2_ct      7.48247    0.34103
beta2_ct      7.40062    0.35772
beta2_ct      7.48489    0.34540
beta2_ct      7.64394    0.34278
beta2_ct      7.53073    0.25577
beta2_ct      7.39101    0.25760
beta2_ct      7.00237    0.27491
beta2_ct      7.19402    0.25196
beta2_ct      7.19757    0.24965
beta2_ct      7.10893    0.25809
beta2_ct      7.53396    0.25550
beta2_ct      7.52382    0.25762
beta2_ct      7.61068    0.25796
beta2_ct      7.27975    0.25101
beta2_ct      6.90876    0.26380
lambda2_k    -0.36326    0.58631
L_omega2_z   -0.54566    0.07721
L_epsilon2_z -0.33623    0.04954
logkappa2    -4.60927    0.17617
logSigmaM     0.45724    0.00951
Maximum gradient component: 0.01 

